TLE_NAME=D091
TLE_LINE1=1 44078U 19072A   25237.00127315  .00000014  00000-0  40313-4 0  1239
TLE_LINE2=2 44078  98.2808 291.9629 0018719  34.1424  38.1671 14.43768520337337
SITE_LAT=17.268660
SITE_LON=78.496172
SITE_HEIGHT=0
START_TIME=2025-08-25 00:00:00
END_TIME=2025-08-25 23:59:59
TLE_TIME_RESOLUTION=1000
ATMOSPHERIC_CORRECTION=1
OUTPUT_FILENAME=../satellite_pass.csv
DECIMAL_COUNT=2